28 23
10 15
16 16
18 26
17 14
15 18
24 26
17 21
16 16
18 18
27 27
24 26
22 25
24 25
10 8
16 18
12 9
15 15
11 14
16 17
14 17
12 13
12 13
14 16
12 9
21 26
17 25
18 14
23 23
25 17
14 18
20 15
17 13
21 20
15 23
9 13
14 18
11 14
12 13
15 19
13 16
18 16
20 26
26 22
17 15
19 18
24 16
15 20
20 15
29 30
16 13
20 20
26 18
14 19
19 15
18 17
14 23
23 25
26 21
23 28
25 26
19 22
24 23
11 17
18 14
17 18
17 20
22 16
23 19
20 25
21 23
13 19
26 30
12 15
12 14
14 14
25 23
13 16
10 9
16 16
28 22
27 20
8 11
12 12
16 24
16 17
11 14
17 13
24 23
13 20
21 25
26 26
13 13
25 28
10 12
16 16
13 16
19 21
19 13
23 27
9 10
22 17
15 11
29 22
21 19
18 14
17 17
13 18
23 18
22 24
23 28
17 18
13 12
12 15
26 22
11 12
22 22
14 17
13 17
10 8
17 14
17 16
13 10
10 9
15 17
11 12
18 25
14 13
21 21
16 13
29 20
18 15
19 21
26 26
18 21
11 9
18 14
27 17
17 18
20 21
19 14
14 11
29 26
26 28
21 22
18 16
24 29
18 25
25 23
18 18
15 16
26 19
27 22
22 24
23 16
17 14
13 14
14 11
17 18
13 13
17 11
23 22
19 14
24 23
16 14
30 26
16 19
25 18
27 29
20 20
23 28
19 14
24 16
27 19
14 11
13 12
18 22
28 25
17 17
17 24
12 9
22 16
12 10
25 25
17 14
25 25
26 18
22 18
15 12
21 25
15 12
16 23
17 11
18 15
13 11
18 25
22 22
8 11
25 27
25 27
23 22
26 23
14 12
12 18
18 12
12 9
25 20
17 20
14 14
18 19
14 17
16 13
23 20
17 18
22 17
14 20
17 17
23 19
17 22
17 26
14 13
27 27
16 11
15 16
16 19
13 19
23 27
27 18
22 14
15 21
22 20
23 19
11 14
29 29
15 15
10 13
11 13
24 27
18 17
19 19
13 15
20 25
27 19
17 15
20 15
22 28
21 14
20 18
21 16
20 21
22 26
26 28
19 18
16 14
21 29
21 20
14 16
30 20
24 21
16 20
13 14
17 17
21 18
16 15
13 11
23 25
19 13
23 21
17 17
14 20
14 12
25 22
19 16
17 13
20 17
15 18
15 15
10 14
20 15
18 14
27 23
19 24
12 11
17 13
17 25
19 15
14 15
16 16
20 18
21 21
18 24
13 16
10 9
7 5
14 21
18 25
15 16
17 22
14 19
11 15
13 19
29 25
9 13
14 11
22 17
14 20
17 18
14 14
15 22
20 22
21 20
26 19
27 22
14 12
20 18
21 22
18 21
11 17
15 15
26 30
10 11
20 17
16 23
15 21
15 22
16 14
15 12
22 15
21 15
16 13
21 21
26 17
24 19
21 16
13 13
13 14
16 14
11 16
15 11
16 15
11 16
27 21
14 18
17 16
20 20
20 15
10 10
15 14
20 14
25 19
14 15
18 13
11 13
16 22
18 16
19 14
20 19
25 19
26 27
26 21
15 13
13 19
20 14
26 18
14 14
20 13
14 18
13 12
16 13
27 22
14 18
10 16
9 11
28 24
14 15
17 23
12 15
17 17
9 13
26 24
8 12
13 13
10 9
10 10
19 20
14 9
26 18
16 21
24 24
19 15
18 12
18 15
23 19
18 16
26 25
15 18
20 14
19 12
23 16
25 28
16 14
13 19
16 10
14 17
13 18
21 20
12 9
16 11
10 12
9 11
22 26
23 21
21 20
16 11
15 17
9 13
16 17
18 19
18 11
26 28
24 23
17 14
12 13
19 17
28 27
18 21
10 10
13 12
13 15
16 20
27 24
8 11
14 12
27 28
21 19
9 9
18 19
18 21
24 17
23 18
29 24
15 19
20 26
14 18
12 17
17 12
13 14
17 15
28 18
25 17
23 24
25 26
18 18
26 22
11 9
17 22
18 16
17 21
10 8
16 18
19 14
19 15
13 14
25 21
17 14
26 18
15 15
21 22
21 22
20 23
29 25
17 14
10 13
12 17
12 17
16 20
26 21
17 18
20 19
15 12
13 13
16 17
28 23
17 19
11 14
26 22
22 27
24 23
20 18
15 13
23 17
21 23
22 27
25 27
13 13
20 17
12 15
18 18
12 17
10 12
16 23
21 26
20 14
15 11
21 29
21 28
15 14
15 17
18 12
11 14
16 13
22 25
21 19
17 17
23 23
13 13
14 19
18 25
16 20
22 16
8 8
13 13
17 17
11 9
19 24
10 11
10 14
24 21
11 12
15 13
14 17
13 17
18 24
28 22
24 27
13 14
24 30
29 29
23 25
29 23
20 15
12 12
19 18
19 13
14 10
14 10
17 18
16 13
13 10
19 19
13 12
23 23
23 19
16 21
16 14
26 22
18 18
16 17
26 17
16 13
24 29
28 22
27 28
16 10
24 21
10 10
14 17
23 24
28 21
12 14
14 17
21 14
13 17
18 15
9 12
15 17
22 19
22 25
23 27
16 18
17 24
22 27
18 12
20 15
28 23
24 17
22 16
20 21
19 15
15 13
16 16
11 12
22 18
22 25
14 14
14 9
17 20
17 18
16 15
20 23
22 26
9 12
16 17
21 20
22 22
26 19
17 22
18 15
16 19
15 16
16 14
11 14
21 28
25 18
15 11
10 13
24 25
18 24
16 18
15 13
11 12
16 19
15 15
28 20
24 23
24 20
12 14
17 22
16 19
18 21
17 12
15 10
17 20
21 28
17 16
19 14
16 20
20 17
19 15
12 10
29 29
14 18
18 14
14 17
20 26
12 13
17 18
14 14
23 22
11 11
19 19
26 23
22 22
19 23
16 19
14 22
21 24
29 27
15 12
15 17
14 16
13 14
10 15
9 11
17 19
20 14
17 22
25 23
22 23
24 24
20 17
13 14
23 22
15 17
12 10
16 12
17 25
15 13
27 21
13 19
17 17
11 10
23 18
15 14
20 20
26 27
24 24
19 13
17 16
16 16
17 22
16 12
23 15
14 17
12 15
9 9
21 25
16 21
13 12
14 16
12 15
18 22
21 24
16 18
20 18
27 25
23 17
10 12
25 20
13 16
28 19
15 17
13 13
25 22
18 21
22 16
10 7
24 28
16 11
29 25
12 11
22 21
27 27
26 22
14 20
17 13
15 16
22 24
24 20
13 18
22 18
9 12
30 29
16 14
16 17
26 23
21 21
11 16
14 18
21 27
21 16
25 19
10 13
16 11
13 19
16 14
12 10
16 14
10 15
26 19
