0.45161290322580644
0.5789473684210527
0.6666666666666666
0.36666666666666664
0.8064516129032258
0.8125
0.6111111111111112
0.42857142857142855
0.5217391304347826
0.5769230769230769
0.5294117647058824
0.21428571428571427
0.4074074074074074
0.3333333333333333
0.5333333333333333
0.43478260869565216
0.5294117647058824
0.6956521739130435
0.6
0.43478260869565216
0.5833333333333334
0.7391304347826086
0.7
0.7241379310344828
0.7222222222222222
0.42857142857142855
0.5172413793103449
0.6153846153846154
0.32142857142857145
0.625
0.56
0.5555555555555556
0.6666666666666666
0.28
0.6333333333333333
0.7368421052631579
0.625
0.631578947368421
0.23809523809523808
0.6428571428571429
0.4090909090909091
0.7241379310344828
0.5588235294117647
0.5454545454545454
0.5217391304347826
0.6551724137931034
0.24
0.5862068965517241
0.30434782608695654
0.37142857142857144
0.35
0.4074074074074074
0.2962962962962963
0.6666666666666666
0.6296296296296297
0.6538461538461539
0.7333333333333333
0.6923076923076923
0.625
0.675
0.5555555555555556
0.6206896551724138
0.46875
0.7142857142857143
0.6551724137931034
0.30434782608695654
0.36
0.48148148148148145
0.41935483870967744
0.46875
0.3333333333333333
0.68
0.5909090909090909
0.6521739130434783
0.5217391304347826
0.5238095238095238
0.3333333333333333
0.5652173913043478
0.6666666666666666
0.46153846153846156
0.2
0.5757575757575758
0.6
0.5789473684210527
0.25925925925925924
0.56
0.47058823529411764
0.5238095238095238
0.5945945945945946
0.5384615384615384
0.32142857142857145
0.5263157894736842
0.5238095238095238
0.5714285714285714
0.5625
0.5
0.6086956521739131
0.5666666666666667
0.5416666666666666
0.3103448275862069
0.6470588235294118
0.59375
0.6
0.6
0.28
0.56
0.5925925925925926
0.5416666666666666
0.5862068965517241
0.38461538461538464
0.25806451612903225
0.5185185185185185
0.6190476190476191
0.6666666666666666
0.6756756756756757
0.5
0.48484848484848486
0.6190476190476191
0.6521739130434783
0.5714285714285714
0.625
0.43478260869565216
0.7619047619047619
0.625
0.56
0.65
0.4666666666666667
0.5454545454545454
0.4666666666666667
0.64
0.5588235294117647
0.5
0.5172413793103449
0.14285714285714285
0.5769230769230769
0.625
0.6785714285714286
0.45454545454545453
0.3333333333333333
0.4642857142857143
0.6666666666666666
0.65
0.675
0.5
0.5625
0.7
0.43333333333333335
0.5714285714285714
0.3793103448275862
0.5
0.2777777777777778
0.46875
0.2857142857142857
0.10714285714285714
0.38461538461538464
0.6666666666666666
0.6363636363636364
0.5555555555555556
0.6071428571428571
0.7083333333333334
0.4
0.5945945945945946
0.5652173913043478
0.5
0.68
0.5555555555555556
0.6153846153846154
0.3793103448275862
0.55
0.6774193548387096
0.4857142857142857
0.6153846153846154
0.56
0.5
0.55
0.5555555555555556
0.5925925925925926
0.4
0.6428571428571429
0.48148148148148145
0.47058823529411764
0.6428571428571429
0.6818181818181818
0.5277777777777778
0.7142857142857143
0.4375
0.36666666666666664
0.6451612903225806
0.7083333333333334
0.6842105263157895
0.6666666666666666
0.5
0.5
0.7096774193548387
0.4117647058823529
0.6756756756756757
0.18518518518518517
0.7333333333333333
0.4444444444444444
0.7
0.4444444444444444
0.3103448275862069
0.6666666666666666
0.6923076923076923
0.6521739130434783
0.6666666666666666
0.2962962962962963
0.4
0.64
0.44
0.6071428571428571
0.5909090909090909
0.41379310344827586
0.2916666666666667
0.7948717948717948
0.34615384615384615
0.4090909090909091
0.5
0.25
0.47058823529411764
0.47368421052631576
0.35294117647058826
0.3
0.5217391304347826
0.5
0.5384615384615384
0.4
0.3333333333333333
0.8285714285714286
0.6666666666666666
0.6
0.4
0.7142857142857143
0.4
0.56
0.7272727272727273
0.7142857142857143
0.045454545454545456
0.5555555555555556
0.2
0.5714285714285714
0.6842105263157895
0.4838709677419355
0.43478260869565216
0.48
0.5789473684210527
0.36363636363636365
0.7272727272727273
0.5384615384615384
0.35714285714285715
0.45454545454545453
0.15151515151515152
0.34782608695652173
0.7307692307692307
0.2857142857142857
0.625
0.5
0.6176470588235294
0.46875
0.6296296296296297
0.5909090909090909
0.5
0.5555555555555556
0.6538461538461539
0.7
0.25806451612903225
0.4583333333333333
0.42857142857142855
0.42857142857142855
0.44
0.6363636363636364
0.3235294117647059
0.7647058823529411
0.4782608695652174
0.4482758620689655
0.6071428571428571
0.4166666666666667
0.782608695652174
0.43478260869565216
0.5217391304347826
0.42424242424242425
0.5454545454545454
0.7368421052631579
0.6666666666666666
0.4482758620689655
0.44
0.5416666666666666
0.5769230769230769
0.46153846153846156
0.5
0.6129032258064516
0.56
0.6842105263157895
0.6363636363636364
0.5714285714285714
0.21739130434782608
0.5769230769230769
0.4074074074074074
0.6333333333333333
0.6086956521739131
0.56
0.7142857142857143
0.6470588235294118
0.5263157894736842
0.6666666666666666
0.52
0.4583333333333333
0.4166666666666667
0.4
0.5806451612903226
0.15384615384615385
0.3
0.5277777777777778
0.55
0.5925925925925926
0.5
0.6551724137931034
0.2857142857142857
0.6296296296296297
0.4117647058823529
0.6
0.5714285714285714
0.43478260869565216
0.6428571428571429
0.5384615384615384
0.5454545454545454
0.7391304347826086
0.5925925925925926
0.5925925925925926
0.6666666666666666
0.5517241379310345
0.3076923076923077
0.6071428571428571
0.5357142857142857
0.6190476190476191
0.6818181818181818
0.7037037037037037
0.55
0.42105263157894735
0.6923076923076923
0.3684210526315789
0.3548387096774194
0.6896551724137931
0.7419354838709677
0.7272727272727273
0.6153846153846154
0.625
0.75
0.48
0.32
0.4782608695652174
0.625
0.65
0.7
0.56
0.43478260869565216
0.59375
0.3333333333333333
0.36363636363636365
0.3225806451612903
0.6190476190476191
0.5
0.6
0.35714285714285715
0.6521739130434783
0.64
0.4
0.43478260869565216
0.4583333333333333
0.3448275862068966
0.38095238095238093
0.42857142857142855
0.8
0.2413793103448276
0.7037037037037037
0.2962962962962963
0.6363636363636364
0.4
0.6
0.5483870967741935
0.65
0.6818181818181818
0.6
0.6470588235294118
0.4166666666666667
0.5
0.5483870967741935
0.6086956521739131
0.0
0.6153846153846154
0.5238095238095238
0.4583333333333333
0.6206896551724138
0.47368421052631576
0.6666666666666666
0.5357142857142857
0.5217391304347826
0.7241379310344828
0.32
0.53125
0.391304347826087
0.8529411764705882
0.7391304347826086
0.6538461538461539
0.7037037037037037
0.5806451612903226
0.5263157894736842
0.7391304347826086
0.6666666666666666
0.4
0.34375
0.5333333333333333
0.16666666666666666
0.22727272727272727
0.6666666666666666
0.75
0.6785714285714286
0.3333333333333333
0.5652173913043478
0.5
0.4
0.7333333333333333
0.6666666666666666
0.5714285714285714
0.16666666666666666
0.13636363636363635
0.5
0.6
0.6
0.6333333333333333
0.5151515151515151
0.47058823529411764
0.6
0.5675675675675675
0.5517241379310345
0.375
0.6666666666666666
0.5714285714285714
0.5517241379310345
0.5555555555555556
0.6153846153846154
0.4583333333333333
0.2916666666666667
0.68
0.5
0.68
0.5652173913043478
0.7
0.4838709677419355
0.3076923076923077
0.41935483870967744
0.4
0.5555555555555556
0.5
0.5882352941176471
0.5185185185185185
0.4230769230769231
0.5
0.8235294117647058
0.18181818181818182
0.6153846153846154
0.7241379310344828
0.5238095238095238
0.2962962962962963
0.6923076923076923
0.38235294117647056
0.78125
0.4827586206896552
0.4827586206896552
0.375
0.6341463414634146
0.7586206896551724
0.7272727272727273
0.42857142857142855
0.6363636363636364
0.8181818181818182
0.4
0.6296296296296297
0.5483870967741935
0.5238095238095238
0.6666666666666666
0.7
0.65
0.5714285714285714
0.6666666666666666
0.5151515151515151
0.3793103448275862
0.2962962962962963
0.5333333333333333
0.5909090909090909
0.5
0.41379310344827586
0.5588235294117647
0.5555555555555556
0.7407407407407407
0.5
0.55
0.4166666666666667
0.6086956521739131
0.6842105263157895
0.3333333333333333
0.6
0.28
0.7391304347826086
0.3870967741935484
0.34375
0.6923076923076923
0.64
0.7037037037037037
0.42105263157894735
0.6666666666666666
0.5161290322580645
0.6774193548387096
0.6666666666666666
0.5151515151515151
0.3888888888888889
0.7777777777777778
0.59375
0.5185185185185185
0.5862068965517241
0.5384615384615384
0.6818181818181818
0.5
0.7222222222222222
0.37037037037037035
0.75
0.5833333333333334
0.5161290322580645
0.7
0.6086956521739131
